78116205
78110360
77564561
77178732
76115626
75403897
74640453
74449383
75465647
78105006
80233680
81595523
82089362
82404137
82439283
82422687
82145403
81922699
81570112
81392351
81022537
80665664
80057873
79477402
78553129
77991257
77287201
76821766
76401997
76308777
76183365
76173466
76168615
76750696
78622636
80802004
82111217
82971832
83109990
82759558
81880946
81551183
80947652
80482331
79749456
79133181
78451203
77983064
77371573
76435151
75517938
74711113
73742927
73080211
71946237
71157432
71309451
72473818
74980573
77137448
78322295
78937861
79020806
79003658
78591560
78224458
77829277
77672399
77355938
76926377
76298483
75482696
74575736
74081569
73356247
72927683
72467782
72244846
71850379
71594806
71343237
72006225
73922100
76320212
77647222
78292576
78481904
78521024
78296573
78066227
77725840
77631764
77606890
77502121
77065381
76345745
75356427
74458973
73651024
73154356
72273429
71574754
70869340
70362489
70111252
70397437
71164171
72557136
74811833
76221994
76891762
77141279
77130720
77083827
76659531
76461609
76234729
75988991
75498533
74829592
74179176
73660187
72596900
71748710
70826340
69884824
69280818
69239605
69221932
69360874
69808502
70843094
72226485
73782709
74667802
75319443
75539914
75658574
75545036
75363701
74973393
74612641
73973753
73520166
72895455
72269008
71650254
71161269
70529312
69858366
69164318
68667454
68039955
67557994
67314039
67837424
69050543
70590761
71885130
72592512
72842898
73073843
73152683
73201889
73088345
73023493
72748762
72407584
71970574
71559070
70991995
70539937
69958435
69407378
68601391
67991890
67183513
66894531
66709210
67167266
68131233
70383648
72755215
74402280
75526146
76379865
76515345
76777435
76947805
77177927
77131645
77101804
77020883
76828525
76120496
75530107
74714276
74025968
73342571
72741184
72122522
71713624
71255560
